 -8.85714286e-02 2.32558140e-01
 8.57142857e-03 -6.64451827e-02
 1.28571429e-01 -3.25581395e-01
 2.88571429e-01 -5.24916944e-01
 5.97142857e-01 -4.65116279e-01
 7.17142857e-01 -1.46179402e-01
 8.60000000e-01 1.59468439e-01
 9.45714286e-01 4.45182724e-01
 -8.65714286e-01 -3.92026578e-01
 -7.85714286e-01 -1.72757475e-01
 -5.57142857e-01 2.45847176e-01
 -2.88571429e-01 5.24916944e-01
 -1.28571429e-01 5.24916944e-01
 8.28571429e-02 3.32225914e-01
 1.80000000e-01 1.06312292e-01
 2.54285714e-01 -1.66112957e-01
 3.28571429e-01 -3.52159468e-01
